
Neue Messung Beginn: 2018-10-24T16:35:24.562762
Start: 2018-10-24T16:35:59.562762
Stop: 2018-10-24T16:36:59.562762
End: 2018-10-24T16:38:24.562762
Neue Messung Beginn: 2018-10-24T16:41:25.566194
Start: 2018-10-24T16:42:52.566194
Stop: 2018-10-24T16:43:52.566194
End: 2018-10-24T16:44:25.566194
Neue Messung Beginn: 2018-10-24T16:47:06.987184
Start: 2018-10-24T16:47:53.987184
Stop: 2018-10-24T16:48:53.987184
End: 2018-10-24T16:50:06.987184